% PEER STRONG MOTION DATABASE RECORD. PROCESSING BY PACIFIC ENGINEERING.
% IMPERIAL VALLEY 5/19/40 0439, EL CENTRO ARRAY #9, 180 (USGS STATION 117)
% VELOCITY TIME HISTORY IN UNITS OF CM/S. FILTER POINTS: HP=0.2 Hz LP=15.0 Hz
% NPTS=  4000, DT= .01000 SEC
  
VV=[-.1141191E-01  -.8004715E-01  -.1103847E+00  -.6553768E-01   .1111957E-01
   .7531342E-01   .1443259E+00   .2072281E+00   .2711254E+00   .3308081E+00
   .3920214E+00   .4515600E+00   .5136218E+00   .5746597E+00   .6370830E+00
   .6977906E+00   .7593441E+00   .8195564E+00   .8807487E+00   .9408728E+00
   .1001771E+01   .1061507E+01   .1121751E+01   .1180892E+01   .1240661E+01
   .1299762E+01   .1359795E+01   .1419455E+01   .1480137E+01   .1540653E+01
   .1602140E+01   .1663128E+01   .1724549E+01   .1785257E+01   .1846464E+01
   .1907218E+01   .1968490E+01   .2029119E+01   .2089726E+01   .2149005E+01
   .2207726E+01   .2265558E+01   .2324615E+01   .2385222E+01   .2448597E+01
   .2513805E+01   .2581365E+01   .2649684E+01   .2717222E+01   .2780264E+01
   .2837659E+01   .2888479E+01   .2933904E+01   .2974124E+01   .3012804E+01
   .3055170E+01   .3107290E+01   .3169080E+01   .3235123E+01   .3297084E+01
   .3353206E+01   .3406655E+01   .3463626E+01   .3527318E+01   .3598806E+01
   .3676065E+01   .3757925E+01   .3841324E+01   .3921864E+01   .3994015E+01
   .4058025E+01   .4118476E+01   .4181407E+01   .4248208E+01   .4317725E+01
   .4386977E+01   .4453936E+01   .4514894E+01   .4566981E+01   .4607986E+01
   .4638050E+01   .4656467E+01   .4662392E+01   .4655200E+01   .4638600E+01
   .4617397E+01   .4594593E+01   .4566671E+01   .4526920E+01   .4468842E+01
   .4390974E+01   .4297611E+01   .4200576E+01   .4111851E+01   .4037453E+01
   .3975284E+01   .3921511E+01   .3873956E+01   .3834382E+01   .3802788E+01
   .3772880E+01   .3732668E+01   .3673209E+01   .3589324E+01   .3479312E+01
   .3344237E+01   .3188052E+01   .3012635E+01   .2817184E+01   .2600782E+01
   .2370467E+01   .2139075E+01   .1916831E+01   .1707169E+01   .1514305E+01
   .1345023E+01   .1201879E+01   .1075926E+01   .9592395E+00   .8689043E+00
   .8523262E+00   .9554108E+00   .1195478E+01   .1548796E+01   .1949522E+01
   .2319565E+01   .2618562E+01   .2854012E+01   .3053102E+01   .3230829E+01
   .3380864E+01   .3485923E+01   .3535288E+01   .3529040E+01   .3473578E+01
   .3373384E+01   .3228567E+01   .3035855E+01   .2790924E+01   .2486136E+01
   .2111855E+01   .1660069E+01   .1128249E+01   .5170642E+00  -.1724827E+00
  -.9423103E+00  -.1787305E+01  -.2670338E+01  -.3522026E+01  -.4285090E+01
  -.4944497E+01  -.5517655E+01  -.6036980E+01  -.6545664E+01  -.7081018E+01
  -.7651269E+01  -.8234445E+01  -.8802666E+01  -.9343697E+01  -.9870181E+01
  -.1041580E+02  -.1101812E+02  -.1169508E+02  -.1244343E+02  -.1321943E+02
  -.1386294E+02  -.1410578E+02  -.1373178E+02  -.1270452E+02  -.1120238E+02
  -.9548246E+01  -.8011137E+01  -.6653736E+01  -.5380582E+01  -.4081613E+01
  -.2725941E+01  -.1356943E+01  -.2973598E-01   .1245997E+01   .2503269E+01
   .3779728E+01   .5090804E+01   .6432563E+01   .7794740E+01   .9164209E+01
   .1050790E+02   .1177567E+02   .1292962E+02   .1396325E+02   .1488879E+02
   .1571741E+02   .1644832E+02   .1706943E+02   .1755806E+02   .1788926E+02
   .1804791E+02   .1803343E+02   .1785152E+02   .1750589E+02   .1699482E+02
   .1631337E+02   .1545601E+02   .1441882E+02   .1320004E+02   .1179990E+02
   .1021927E+02   .8458506E+01   .6516260E+01   .4389791E+01   .2080672E+01
  -.3938527E+00  -.3001767E+01  -.5718236E+01  -.8540122E+01  -.1147773E+02
  -.1451759E+02  -.1757567E+02  -.2052014E+02  -.2323813E+02  -.2562752E+02
  -.2747119E+02  -.2826573E+02  -.2747320E+02  -.2524621E+02  -.2252872E+02
  -.2024078E+02  -.1864671E+02  -.1746658E+02  -.1633015E+02  -.1509399E+02
  -.1386255E+02  -.1283196E+02  -.1213424E+02  -.1177925E+02  -.1168589E+02
  -.1176098E+02  -.1196128E+02  -.1230027E+02  -.1281400E+02  -.1352789E+02
  -.1444420E+02  -.1555107E+02  -.1683503E+02  -.1829827E+02  -.1994072E+02
  -.2152395E+02  -.2228697E+02  -.2140318E+02  -.1896221E+02  -.1603485E+02
  -.1367733E+02  -.1219547E+02  -.1126188E+02  -.1043692E+02  -.9537005E+01
  -.8669203E+01  -.8054278E+01  -.7849268E+01  -.8007326E+01  -.8166792E+01
  -.7770502E+01  -.6462996E+01  -.4406573E+01  -.2161294E+01  -.2143631E+00
   .1326309E+01   .2644822E+01   .3956423E+01   .5338902E+01   .6728438E+01
   .8014385E+01   .9125399E+01   .1005604E+02   .1083968E+02   .1151194E+02
   .1208647E+02   .1255622E+02   .1290695E+02   .1312998E+02   .1322426E+02
   .1319325E+02   .1304410E+02   .1282180E+02   .1264185E+02   .1264006E+02
   .1288392E+02   .1335903E+02   .1402245E+02   .1484212E+02   .1576341E+02
   .1668212E+02   .1749796E+02   .1817711E+02   .1874295E+02   .1922839E+02
   .1964175E+02   .1996406E+02   .2016492E+02   .2022280E+02   .2013346E+02
   .1990535E+02   .1954800E+02   .1906289E+02   .1845572E+02   .1781180E+02
   .1735016E+02   .1729858E+02   .1766313E+02   .1818033E+02   .1853965E+02
   .1861250E+02   .1846326E+02   .1821709E+02   .1794155E+02   .1761888E+02
   .1718738E+02   .1659578E+02   .1582955E+02   .1490369E+02   .1384014E+02
   .1264769E+02   .1132638E+02   .9986343E+01   .8964836E+01   .8554148E+01
   .8600548E+01   .8630002E+01   .8295462E+01   .7570719E+01   .6623908E+01
   .5609920E+01   .4563687E+01   .3421835E+01   .2100562E+01   .5506592E+00
  -.1227819E+01  -.3010027E+01  -.4066246E+01  -.3615986E+01  -.1823032E+01
   .2482856E+00   .1672083E+01   .2267823E+01   .2390109E+01   .2434768E+01
   .2534741E+01   .2563227E+01   .2316958E+01   .1826132E+01   .1603526E+01
   .2288524E+01   .3910966E+01   .5843415E+01   .7456346E+01   .8571497E+01
   .9386208E+01   .1016510E+02   .1102120E+02   .1189664E+02   .1266505E+02
   .1323667E+02   .1359734E+02   .1378085E+02   .1385284E+02   .1397436E+02
   .1434367E+02   .1497065E+02   .1564869E+02   .1617325E+02   .1649032E+02
   .1666828E+02   .1679504E+02   .1690799E+02   .1698490E+02   .1697442E+02
   .1683446E+02   .1655250E+02   .1613958E+02   .1561357E+02   .1501101E+02
   .1442356E+02   .1397292E+02   .1373207E+02   .1369976E+02   .1383789E+02
   .1408613E+02   .1433862E+02   .1447652E+02   .1444252E+02   .1425313E+02
   .1394932E+02   .1354916E+02   .1303385E+02   .1236688E+02   .1152168E+02
   .1049360E+02   .9292266E+01   .7929498E+01   .6405819E+01   .4745006E+01
   .3118933E+01   .1869085E+01   .1278316E+01   .1307666E+01   .1583368E+01
   .1688701E+01   .1454977E+01   .9793733E+00   .4871271E+00   .2056908E+00
   .2476341E+00   .5287518E+00   .8214187E+00   .9295916E+00   .8078666E+00
   .5293798E+00   .1826890E+00  -.1968221E+00  -.6318453E+00  -.1166598E+01
  -.1833343E+01  -.2641665E+01  -.3584809E+01  -.4651018E+01  -.5832984E+01
  -.7130733E+01  -.8549938E+01  -.1009769E+02  -.1178104E+02  -.1359620E+02
  -.1550869E+02  -.1745622E+02  -.1938932E+02  -.2129955E+02  -.2320128E+02
  -.2508170E+02  -.2688235E+02  -.2850107E+02  -.2964246E+02  -.2980480E+02
  -.2885585E+02  -.2740071E+02  -.2624142E+02  -.2573427E+02  -.2573450E+02
  -.2586046E+02  -.2571082E+02  -.2503053E+02  -.2380380E+02  -.2217221E+02
  -.2026226E+02  -.1811263E+02  -.1578090E+02  -.1343989E+02  -.1128225E+02
  -.9388165E+01  -.7726142E+01  -.6239387E+01  -.4907402E+01  -.3755339E+01
  -.2830277E+01  -.2176894E+01  -.1824324E+01  -.1779751E+01  -.2032148E+01
  -.2567736E+01  -.3383058E+01  -.4483689E+01  -.5882407E+01  -.7550719E+01
  -.9235939E+01  -.1040942E+02  -.1065690E+02  -.1014337E+02  -.9511980E+01
  -.9317604E+01  -.9674966E+01  -.1037141E+02  -.1116535E+02  -.1197563E+02
  -.1287805E+02  -.1399866E+02  -.1541664E+02  -.1713609E+02  -.1911711E+02
  -.2132628E+02  -.2374550E+02  -.2617493E+02  -.2796694E+02  -.2832665E+02
  -.2711833E+02  -.2512356E+02  -.2334789E+02  -.2224756E+02  -.2164337E+02
  -.2113498E+02  -.2048781E+02  -.1974047E+02  -.1902218E+02  -.1825632E+02
